Start,Duration,End,Type
2527708,8900,2536608,MARK
2536608,4450,2541058,SPACE
2541058,600,2541658,MARK
2541658,500,2542158,SPACE
2542158,600,2542758,MARK
2542758,550,2543308,SPACE
2543308,550,2543858,MARK
2543858,1650,2545508,SPACE
2545508,600,2546108,MARK
2546108,500,2546608,SPACE
2546608,600,2547208,MARK
2547208,500,2547708,SPACE
2547708,600,2548308,MARK
2548308,550,2548858,SPACE
2548858,550,2549408,MARK
2549408,550,2549958,SPACE
2549958,550,2550508,MARK
2550508,550,2551058,SPACE
2551058,550,2551608,MARK
2551608,1650,2553258,SPACE
2553258,600,2553858,MARK
2553858,1650,2555508,SPACE
2555508,550,2556058,MARK
2556058,550,2556608,SPACE
2556608,550,2557158,MARK
2557158,1650,2558808,SPACE
2558808,600,2559408,MARK
2559408,1650,2561058,SPACE
2561058,550,2561608,MARK
2561608,1650,2563258,SPACE
2563258,600,2563858,MARK
2563858,1650,2565508,SPACE
2565508,550,2566058,MARK
2566058,1650,2567708,SPACE
2567708,600,2568308,MARK
2568308,500,2568808,SPACE
2568808,600,2569408,MARK
2569408,550,2569958,SPACE
2569958,550,2570508,MARK
2570508,550,2571058,SPACE
2571058,550,2571608,MARK
2571608,550,2572158,SPACE
2572158,550,2572708,MARK
2572708,550,2573258,SPACE
2573258,600,2573858,MARK
2573858,500,2574358,SPACE
2574358,600,2574958,MARK
2574958,1650,2576608,SPACE
2576608,550,2577158,MARK
2577158,550,2577708,SPACE
2577708,550,2578258,MARK
2578258,1650,2579908,SPACE
2579908,600,2580508,MARK
2580508,1650,2582158,SPACE
2582158,550,2582708,MARK
2582708,1650,2584358,SPACE
2584358,600,2584958,MARK
2584958,1650,2586608,SPACE
2586608,550,2587158,MARK
2587158,1650,2588808,SPACE
2588808,600,2589408,MARK
2589408,1650,2591058,SPACE
2591058,550,2591608,MARK
2591608,550,2592158,SPACE
2592158,550,2592708,MARK
2592708,1650,2594358,SPACE
2594358,600,2594958,MARK
4415116,8950,4424066,MARK
4424066,2200,4426266,SPACE
4426266,550,4426816,MARK
4523084,8950,4532034,MARK
4532034,2200,4534234,SPACE
4534234,550,4534784,MARK
4631000,8900,4639900,MARK
4639900,2250,4642150,SPACE
4642150,550,4642700,MARK
4738924,8900,4747824,MARK
4747824,2250,4750074,SPACE
4750074,550,4750624,MARK
4846836,8900,4855736,MARK
4855736,2250,4857986,SPACE
4857986,550,4858536,MARK
4955764,8900,4964664,MARK
4964664,2250,4966914,SPACE
4966914,550,4967464,MARK
5063700,8900,5072600,MARK
5072600,2200,5074800,SPACE
5074800,600,5075400,MARK
5171604,8900,5180504,MARK
5180504,2200,5182704,SPACE
5182704,600,5183304,MARK
5279528,8900,5288428,MARK
5288428,2200,5290628,SPACE
5290628,600,5291228,MARK
5387440,8900,5396340,MARK
5396340,2200,5398540,SPACE
5398540,600,5399140,MARK
5495360,8950,5504310,MARK
5504310,2200,5506510,SPACE
5506510,550,5507060,MARK
5603340,8900,5612240,MARK
5612240,2250,5614490,SPACE
5614490,550,5615040,MARK
5711244,8900,5720144,MARK
5720144,2250,5722394,SPACE
5722394,550,5722944,MARK
5819172,8900,5828072,MARK
5828072,2250,5830322,SPACE
5830322,550,5830872,MARK
5927084,8900,5935984,MARK
5935984,2250,5938234,SPACE
5938234,550,5938784,MARK
6035000,8900,6043900,MARK
6043900,2250,6046150,SPACE
6046150,550,6046700,MARK
6143928,8900,6152828,MARK
6152828,2250,6155078,SPACE
6155078,550,6155628,MARK
6251848,8900,6260748,MARK
6260748,2250,6262998,SPACE
6262998,550,6263548,MARK
6359768,8950,6368718,MARK
6368718,2200,6370918,SPACE
6370918,550,6371468,MARK
6467684,8950,6476634,MARK
6476634,2200,6478834,SPACE
6478834,600,6479434,MARK
6575604,8950,6584554,MARK
6584554,2200,6586754,SPACE
6586754,600,6587354,MARK
6683524,8950,6692474,MARK
6692474,2200,6694674,SPACE
6694674,550,6695224,MARK
6791444,8950,6800394,MARK
6800394,2200,6802594,SPACE
6802594,550,6803144,MARK
6899360,8950,6908310,MARK
6908310,2200,6910510,SPACE
6910510,550,6911060,MARK
7007280,8950,7016230,MARK
7016230,2200,7018430,SPACE
7018430,600,7019030,MARK
7115200,8950,7124150,MARK
7124150,2200,7126350,SPACE
7126350,600,7126950,MARK
7224132,8900,7233032,MARK
7233032,2200,7235232,SPACE
7235232,600,7235832,MARK
7332044,8900,7340944,MARK
7340944,2200,7343144,SPACE
7343144,600,7343744,MARK
7439964,8900,7448864,MARK
7448864,2200,7451064,SPACE
7451064,600,7451664,MARK
7547888,8900,7556788,MARK
7556788,2200,7558988,SPACE
7558988,600,7559588,MARK
7655800,8900,7664700,MARK
7664700,2200,7666900,SPACE
7666900,600,7667500,MARK
7763716,8900,7772616,MARK
7772616,2200,7774816,SPACE
7774816,600,7775416,MARK
7871636,8900,7880536,MARK
7880536,2200,7882736,SPACE
7882736,600,7883336,MARK
7979556,8900,7988456,MARK
7988456,2200,7990656,SPACE
7990656,600,7991256,MARK
8087472,8900,8096372,MARK
8096372,2200,8098572,SPACE
8098572,600,8099172,MARK
8195392,8900,8204292,MARK
8204292,2200,8206492,SPACE
8206492,600,8207092,MARK
8304320,8900,8313220,MARK
8313220,2200,8315420,SPACE
8315420,600,8316020,MARK
8412240,8900,8421140,MARK
8421140,2200,8423340,SPACE
8423340,600,8423940,MARK
8520156,8900,8529056,MARK
8529056,2200,8531256,SPACE
8531256,600,8531856,MARK
8628076,8900,8636976,MARK
8636976,2200,8639176,SPACE
8639176,600,8639776,MARK
8735996,8900,8744896,MARK
8744896,2200,8747096,SPACE
8747096,600,8747696,MARK
8843964,8900,8852864,MARK
8852864,2200,8855064,SPACE
8855064,600,8855664,MARK
8951880,8900,8960780,MARK
8960780,2250,8963030,SPACE
8963030,550,8963580,MARK
9059800,8900,9068700,MARK
9068700,2250,9070950,SPACE
9070950,550,9071500,MARK
9167720,8900,9176620,MARK
9176620,2250,9178870,SPACE
9178870,550,9179420,MARK
9275688,8900,9284588,MARK
9284588,2250,9286838,SPACE
9286838,550,9287388,MARK
9383608,8900,9392508,MARK
9392508,2250,9394758,SPACE
9394758,550,9395308,MARK
9492536,8950,9501486,MARK
9501486,2200,9503686,SPACE
9503686,550,9504236,MARK
9600464,8950,9609414,MARK
9609414,2200,9611614,SPACE
9611614,600,9612214,MARK
9708372,8900,9717272,MARK
9717272,2200,9719472,SPACE
9719472,600,9720072,MARK
9816340,8900,9825240,MARK
9825240,2200,9827440,SPACE
9827440,600,9828040,MARK
9924260,8900,9933160,MARK
9933160,2250,9935410,SPACE
9935410,550,9935960,MARK
10032176,8900,10041076,MARK
10041076,2250,10043326,SPACE
10043326,550,10043876,MARK
10140348,8900,10149248,MARK
10149248,2250,10151498,SPACE
10151498,550,10152048,MARK
10248520,8900,10257420,MARK
10257420,2250,10259670,SPACE
10259670,550,10260220,MARK
10356644,8900,10365544,MARK
10365544,2250,10367794,SPACE
10367794,550,10368344,MARK
10464812,8900,10473712,MARK
10473712,2250,10475962,SPACE
10475962,550,10476512,MARK
10571924,8900,10580824,MARK
10580824,2250,10583074,SPACE
10583074,550,10583624,MARK
10680044,8900,10688944,MARK
10688944,2250,10691194,SPACE
10691194,550,10691744,MARK
10788216,8900,10797116,MARK
10797116,2250,10799366,SPACE
10799366,550,10799916,MARK
10896336,8900,10905236,MARK
10905236,2250,10907486,SPACE
10907486,550,10908036,MARK
11004504,8900,11013404,MARK
11013404,2250,11015654,SPACE
11015654,550,11016204,MARK
11112624,8900,11121524,MARK
11121524,2250,11123774,SPACE
11123774,550,11124324,MARK
11220748,8900,11229648,MARK
11229648,2250,11231898,SPACE
11231898,550,11232448,MARK